Webots Project File version R2025a
perspectives: 000000ff00000000fd00000003000000000000000000000000fc0100000001fb0000001a0044006f00630075006d0065006e0074006100740069006f006e0000000000000000140000000000000000000000010000011c000004c7fc0200000001fb0000001400540065007800740045006400690074006f00720100000015000004c70000008400ffffff0000000300000a000000008efc0100000002fb0000000e0043006f006e0073006f006c00650100000000000005660000000000000000fb0000001a0043006f006e0073006f006c00650041006c006c0041006c006c010000000000000a000000006900ffffff000008e2000004c700000001000000020000000100000008fc00000000
simulationViewPerspectives: 000000ff000000010000000200000100000003480100000002010000000100
sceneTreePerspectives: 000000ff00000001000000030000001e000000c0000000fa0100000002010000000200
maximizedDockId: -1
centralWidgetVisible: 1
orthographicViewHeight: 1
textFiles: 0 "controllers/halt_controller/halt_controller.py"
consoles: Console:All:All
renderingDevicePerspectives: HALT_NAO:CameraBottom;0;1;0.0639881;0.00704455
renderingDevicePerspectives: HALT_NAO:CameraTop;0;1;0;0
